Fronts1:
  Fronts= [array([ 0,  8,  9, 14, 15]), array([ 4,  5,  6,  7, 12, 13]), array([ 1,  3, 10]), array([ 2, 11])]
  Fitnesses= [[6.496000e+01 4.748394e+06]
 [6.450000e+01 6.720106e+06]
 [6.231000e+01 5.341290e+06]
 [6.412000e+01 5.205226e+06]
 [6.462000e+01 5.599338e+06]
 [6.415000e+01 4.945770e+06]
 [6.532000e+01 6.587498e+06]
 [6.622000e+01 8.689258e+06]
 [6.466000e+01 3.699178e+06]
 [6.582000e+01 5.930730e+06]
 [6.253000e+01 5.013098e+06]
 [6.399000e+01 5.533418e+06]
 [6.227000e+01 4.286570e+06]
 [6.473000e+01 6.258538e+06]
 [6.572000e+01 5.860714e+06]
 [6.670000e+01 8.365418e+06]]
  First_front= [8, 0, 14, 9, 15]
  First_value= [[6.466000e+01 3.699178e+06]
 [6.496000e+01 4.748394e+06]
 [6.572000e+01 5.860714e+06]
 [6.582000e+01 5.930730e+06]
 [6.670000e+01 8.365418e+06]]
  Second_front= [12, 5, 4, 13, 6, 7]
  Second_value= [[6.227000e+01 4.286570e+06]
 [6.415000e+01 4.945770e+06]
 [6.462000e+01 5.599338e+06]
 [6.473000e+01 6.258538e+06]
 [6.532000e+01 6.587498e+06]
 [6.622000e+01 8.689258e+06]]

