Fronts56:
  Fronts= [array([ 0,  1,  2,  3,  4,  5,  6,  7, 11, 13]), array([ 8, 10, 12, 14, 15]), array([9])]
  Fitnesses= [[6.799000e+01 1.000497e+07]
 [5.453000e+01 6.106660e+05]
 [6.792000e+01 5.801450e+06]
 [6.680000e+01 3.433834e+06]
 [6.465000e+01 2.910314e+06]
 [5.782000e+01 8.729380e+05]
 [6.217000e+01 1.859818e+06]
 [6.066000e+01 1.135082e+06]
 [6.674000e+01 7.510634e+06]
 [5.901000e+01 3.105002e+06]
 [6.519000e+01 6.325482e+06]
 [6.501000e+01 3.105130e+06]
 [6.378000e+01 4.353002e+06]
 [5.614000e+01 8.076580e+05]
 [6.036000e+01 1.529834e+06]
 [6.032000e+01 1.465066e+06]]
  First_front= [1, 13, 5, 7, 6, 4, 11, 3, 2, 0]
  First_value= [[5.453000e+01 6.106660e+05]
 [5.614000e+01 8.076580e+05]
 [5.782000e+01 8.729380e+05]
 [6.066000e+01 1.135082e+06]
 [6.217000e+01 1.859818e+06]
 [6.465000e+01 2.910314e+06]
 [6.501000e+01 3.105130e+06]
 [6.680000e+01 3.433834e+06]
 [6.792000e+01 5.801450e+06]
 [6.799000e+01 1.000497e+07]]
  Second_front= [15, 14, 12, 10, 8]
  Second_value= [[6.032000e+01 1.465066e+06]
 [6.036000e+01 1.529834e+06]
 [6.378000e+01 4.353002e+06]
 [6.519000e+01 6.325482e+06]
 [6.674000e+01 7.510634e+06]]

