Fronts48:
  Fronts= [array([ 0,  1,  2,  3,  4,  5,  6,  7,  8, 12, 14]), array([10, 11, 13, 15]), array([9])]
  Fitnesses= [[5.648000e+01 7.418660e+05]
 [6.799000e+01 1.000497e+07]
 [6.792000e+01 5.801450e+06]
 [6.066000e+01 1.135082e+06]
 [6.541000e+01 2.645354e+06]
 [6.680000e+01 3.433834e+06]
 [6.360000e+01 1.988458e+06]
 [6.712000e+01 4.880106e+06]
 [5.732000e+01 8.730660e+05]
 [6.483000e+01 7.510634e+06]
 [6.485000e+01 6.917610e+06]
 [6.253000e+01 2.577770e+06]
 [6.563000e+01 3.300970e+06]
 [6.431000e+01 3.501674e+06]
 [6.385000e+01 2.644074e+06]
 [6.560000e+01 7.112298e+06]]
  First_front= [0, 8, 3, 6, 14, 4, 12, 5, 7, 2, 1]
  First_value= [[5.648000e+01 7.418660e+05]
 [5.732000e+01 8.730660e+05]
 [6.066000e+01 1.135082e+06]
 [6.360000e+01 1.988458e+06]
 [6.385000e+01 2.644074e+06]
 [6.541000e+01 2.645354e+06]
 [6.563000e+01 3.300970e+06]
 [6.680000e+01 3.433834e+06]
 [6.712000e+01 4.880106e+06]
 [6.792000e+01 5.801450e+06]
 [6.799000e+01 1.000497e+07]]
  Second_front= [11, 13, 10, 15]
  Second_value= [[6.253000e+01 2.577770e+06]
 [6.431000e+01 3.501674e+06]
 [6.485000e+01 6.917610e+06]
 [6.560000e+01 7.112298e+06]]

