Fronts16:
  Fronts= [array([0, 1, 2, 3, 4, 5, 6, 7]), array([ 8,  9, 11, 12, 13, 14, 15]), array([10])]
  Fitnesses= [[5.6480000e+01 7.4186600e+05]
 [6.7990000e+01 1.0004970e+07]
 [6.7360000e+01 4.3549220e+06]
 [6.7600000e+01 9.4139940e+06]
 [6.5540000e+01 3.6993060e+06]
 [6.0330000e+01 1.2662820e+06]
 [6.4100000e+01 2.5777700e+06]
 [6.2360000e+01 1.7245220e+06]
 [5.6440000e+01 1.2006180e+06]
 [6.7200000e+01 1.0267114e+07]
 [6.4840000e+01 5.2125220e+06]
 [6.5590000e+01 9.4751780e+06]
 [6.5310000e+01 3.9622180e+06]
 [5.8120000e+01 2.1855780e+06]
 [6.1460000e+01 2.5777700e+06]
 [6.0190000e+01 2.3816740e+06]]
  First_front= [0, 5, 7, 6, 4, 2, 3, 1]
  First_value= [[5.648000e+01 7.418660e+05]
 [6.033000e+01 1.266282e+06]
 [6.236000e+01 1.724522e+06]
 [6.410000e+01 2.577770e+06]
 [6.554000e+01 3.699306e+06]
 [6.736000e+01 4.354922e+06]
 [6.760000e+01 9.413994e+06]
 [6.799000e+01 1.000497e+07]]
  Second_front= [8, 13, 15, 14, 12, 11, 9]
  Second_value= [[5.6440000e+01 1.2006180e+06]
 [5.8120000e+01 2.1855780e+06]
 [6.0190000e+01 2.3816740e+06]
 [6.1460000e+01 2.5777700e+06]
 [6.5310000e+01 3.9622180e+06]
 [6.5590000e+01 9.4751780e+06]
 [6.7200000e+01 1.0267114e+07]]

