Fronts40:
  Fronts= [array([ 0,  1,  2,  3,  5,  6,  7, 12]), array([ 4, 11, 13, 14, 15]), array([ 8,  9, 10])]
  Fitnesses= [[5.648000e+01 7.418660e+05]
 [6.799000e+01 1.000497e+07]
 [6.792000e+01 5.801450e+06]
 [6.680000e+01 3.433834e+06]
 [6.523000e+01 2.776682e+06]
 [5.983000e+01 1.200746e+06]
 [6.323000e+01 1.988458e+06]
 [6.222000e+01 1.659498e+06]
 [6.217000e+01 6.984042e+06]
 [6.184000e+01 3.762794e+06]
 [5.961000e+01 2.712170e+06]
 [6.565000e+01 6.523114e+06]
 [6.541000e+01 2.645354e+06]
 [5.771000e+01 1.200746e+06]
 [6.206000e+01 1.988458e+06]
 [6.075000e+01 1.659498e+06]]
  First_front= [0, 5, 7, 6, 12, 3, 2, 1]
  First_value= [[5.648000e+01 7.418660e+05]
 [5.983000e+01 1.200746e+06]
 [6.222000e+01 1.659498e+06]
 [6.323000e+01 1.988458e+06]
 [6.541000e+01 2.645354e+06]
 [6.680000e+01 3.433834e+06]
 [6.792000e+01 5.801450e+06]
 [6.799000e+01 1.000497e+07]]
  Second_front= [13, 15, 14, 4, 11]
  Second_value= [[5.771000e+01 1.200746e+06]
 [6.075000e+01 1.659498e+06]
 [6.206000e+01 1.988458e+06]
 [6.523000e+01 2.776682e+06]
 [6.565000e+01 6.523114e+06]]

