Fronts64:
  Fronts= [array([ 0,  1,  2,  3,  4,  5,  6,  7, 13, 14]), array([ 9, 11, 15]), array([ 8, 10, 12])]
  Fitnesses= [[6.799000e+01 1.000497e+07]
 [5.453000e+01 6.106660e+05]
 [6.792000e+01 5.801450e+06]
 [6.066000e+01 1.135082e+06]
 [5.670000e+01 1.070314e+06]
 [6.680000e+01 3.433834e+06]
 [6.309000e+01 1.923690e+06]
 [6.418000e+01 2.317674e+06]
 [6.288000e+01 5.731818e+06]
 [6.651000e+01 4.883818e+06]
 [6.389000e+01 5.800554e+06]
 [5.923000e+01 1.135978e+06]
 [5.870000e+01 3.763690e+06]
 [6.220000e+01 1.858922e+06]
 [6.214000e+01 1.596266e+06]
 [6.442000e+01 3.628650e+06]]
  First_front= [1, 4, 3, 14, 13, 6, 7, 5, 2, 0]
  First_value= [[5.453000e+01 6.106660e+05]
 [5.670000e+01 1.070314e+06]
 [6.066000e+01 1.135082e+06]
 [6.214000e+01 1.596266e+06]
 [6.220000e+01 1.858922e+06]
 [6.309000e+01 1.923690e+06]
 [6.418000e+01 2.317674e+06]
 [6.680000e+01 3.433834e+06]
 [6.792000e+01 5.801450e+06]
 [6.799000e+01 1.000497e+07]]
  Second_front= [11, 15, 9]
  Second_value= [[5.923000e+01 1.135978e+06]
 [6.442000e+01 3.628650e+06]
 [6.651000e+01 4.883818e+06]]

