Fronts8:
  Fronts= [array([ 0,  1,  2,  3,  4,  5,  6,  7,  8, 10]), array([ 9, 11, 12, 13, 14]), array([15])]
  Fitnesses= [[5.648000e+01 7.418660e+05]
 [6.760000e+01 9.413994e+06]
 [6.736000e+01 4.354922e+06]
 [6.366000e+01 2.120938e+06]
 [5.838000e+01 1.662314e+06]
 [6.537000e+01 3.171818e+06]
 [6.502000e+01 2.977130e+06]
 [5.797000e+01 8.735780e+05]
 [6.647000e+01 4.029290e+06]
 [6.606000e+01 6.126570e+06]
 [6.401000e+01 2.252650e+06]
 [6.590000e+01 4.223210e+06]
 [6.064000e+01 2.121066e+06]
 [6.376000e+01 2.713066e+06]
 [6.355000e+01 2.186090e+06]
 [6.136000e+01 2.451818e+06]]
  First_front= [0, 7, 4, 3, 10, 6, 5, 8, 2, 1]
  First_value= [[5.648000e+01 7.418660e+05]
 [5.797000e+01 8.735780e+05]
 [5.838000e+01 1.662314e+06]
 [6.366000e+01 2.120938e+06]
 [6.401000e+01 2.252650e+06]
 [6.502000e+01 2.977130e+06]
 [6.537000e+01 3.171818e+06]
 [6.647000e+01 4.029290e+06]
 [6.736000e+01 4.354922e+06]
 [6.760000e+01 9.413994e+06]]
  Second_front= [12, 14, 13, 11, 9]
  Second_value= [[6.064000e+01 2.121066e+06]
 [6.355000e+01 2.186090e+06]
 [6.376000e+01 2.713066e+06]
 [6.590000e+01 4.223210e+06]
 [6.606000e+01 6.126570e+06]]

