Fronts32:
  Fronts= [array([0, 1, 2, 3, 4, 5, 6, 7, 9]), array([ 8, 10, 11, 12, 14, 15]), array([13])]
  Fitnesses= [[5.648000e+01 7.418660e+05]
 [6.799000e+01 1.000497e+07]
 [6.523000e+01 2.776682e+06]
 [6.033000e+01 1.266282e+06]
 [6.736000e+01 4.354922e+06]
 [6.790000e+01 7.904234e+06]
 [6.749000e+01 6.131562e+06]
 [6.273000e+01 2.120042e+06]
 [5.881000e+01 1.267178e+06]
 [6.796000e+01 9.806698e+06]
 [6.477000e+01 4.156522e+06]
 [5.906000e+01 1.660266e+06]
 [6.116000e+01 2.647914e+06]
 [6.500000e+01 6.984426e+06]
 [6.652000e+01 5.212522e+06]
 [6.297000e+01 3.365738e+06]]
  First_front= [0, 3, 7, 2, 4, 6, 5, 9, 1]
  First_value= [[5.648000e+01 7.418660e+05]
 [6.033000e+01 1.266282e+06]
 [6.273000e+01 2.120042e+06]
 [6.523000e+01 2.776682e+06]
 [6.736000e+01 4.354922e+06]
 [6.749000e+01 6.131562e+06]
 [6.790000e+01 7.904234e+06]
 [6.796000e+01 9.806698e+06]
 [6.799000e+01 1.000497e+07]]
  Second_front= [8, 11, 12, 15, 10, 14]
  Second_value= [[5.881000e+01 1.267178e+06]
 [5.906000e+01 1.660266e+06]
 [6.116000e+01 2.647914e+06]
 [6.297000e+01 3.365738e+06]
 [6.477000e+01 4.156522e+06]
 [6.652000e+01 5.212522e+06]]

