Fronts24:
  Fronts= [array([0, 1, 2, 3, 4, 5, 6, 7]), array([ 8, 11, 13, 14, 15]), array([ 9, 10, 12])]
  Fitnesses= [[5.648000e+01 7.418660e+05]
 [6.799000e+01 1.000497e+07]
 [6.033000e+01 1.266282e+06]
 [6.511000e+01 3.038058e+06]
 [6.229000e+01 2.511978e+06]
 [6.736000e+01 4.354922e+06]
 [6.790000e+01 7.904234e+06]
 [6.749000e+01 6.131562e+06]
 [6.189000e+01 2.845418e+06]
 [6.666000e+01 7.901418e+06]
 [5.863000e+01 2.974058e+06]
 [6.482000e+01 4.350570e+06]
 [6.206000e+01 3.496810e+06]
 [6.460000e+01 3.370090e+06]
 [6.679000e+01 7.049834e+06]
 [6.483000e+01 6.065898e+06]]
  First_front= [0, 2, 4, 3, 5, 7, 6, 1]
  First_value= [[5.648000e+01 7.418660e+05]
 [6.033000e+01 1.266282e+06]
 [6.229000e+01 2.511978e+06]
 [6.511000e+01 3.038058e+06]
 [6.736000e+01 4.354922e+06]
 [6.749000e+01 6.131562e+06]
 [6.790000e+01 7.904234e+06]
 [6.799000e+01 1.000497e+07]]
  Second_front= [8, 13, 11, 15, 14]
  Second_value= [[6.189000e+01 2.845418e+06]
 [6.460000e+01 3.370090e+06]
 [6.482000e+01 4.350570e+06]
 [6.483000e+01 6.065898e+06]
 [6.679000e+01 7.049834e+06]]

