Fronts16:
  Fronts= [array([0, 1, 2, 3, 4, 5, 6, 7, 9]), array([10, 12, 13]), array([ 8, 11, 14]), array([15])]
  Fitnesses= [[6.684000e+01 8.290794e+06]
 [5.651000e+01 6.754340e+05]
 [6.660000e+01 6.458090e+06]
 [6.560000e+01 3.962858e+06]
 [5.878000e+01 1.069674e+06]
 [6.414000e+01 1.858410e+06]
 [6.540000e+01 2.383466e+06]
 [6.152000e+01 1.464042e+06]
 [6.418000e+01 7.634666e+06]
 [6.028000e+01 1.331562e+06]
 [6.470000e+01 5.604202e+06]
 [6.322000e+01 3.044330e+06]
 [6.090000e+01 1.464042e+06]
 [6.342000e+01 2.119914e+06]
 [6.233000e+01 2.187626e+06]
 [6.217000e+01 2.251242e+06]]
  First_front= [1, 4, 9, 7, 5, 6, 3, 2, 0]
  First_value= [[5.651000e+01 6.754340e+05]
 [5.878000e+01 1.069674e+06]
 [6.028000e+01 1.331562e+06]
 [6.152000e+01 1.464042e+06]
 [6.414000e+01 1.858410e+06]
 [6.540000e+01 2.383466e+06]
 [6.560000e+01 3.962858e+06]
 [6.660000e+01 6.458090e+06]
 [6.684000e+01 8.290794e+06]]
  Second_front= [12, 13, 10]
  Second_value= [[6.090000e+01 1.464042e+06]
 [6.342000e+01 2.119914e+06]
 [6.470000e+01 5.604202e+06]]

