Fronts24:
  Fronts= [array([0, 1, 2, 3, 4, 5, 6, 7]), array([ 9, 10, 11, 14, 15]), array([ 8, 12, 13])]
  Fitnesses= [[6.684000e+01 8.290794e+06]
 [5.651000e+01 6.754340e+05]
 [6.660000e+01 6.458090e+06]
 [6.566000e+01 3.569642e+06]
 [6.428000e+01 1.727722e+06]
 [6.152000e+01 1.464042e+06]
 [6.540000e+01 2.383466e+06]
 [5.878000e+01 1.069674e+06]
 [6.488000e+01 7.109098e+06]
 [6.139000e+01 1.857130e+06]
 [6.553000e+01 5.932778e+06]
 [6.557000e+01 6.064362e+06]
 [6.351000e+01 4.351978e+06]
 [6.418000e+01 4.482666e+06]
 [6.427000e+01 3.037802e+06]
 [5.973000e+01 1.594090e+06]]
  First_front= [1, 7, 5, 4, 6, 3, 2, 0]
  First_value= [[5.651000e+01 6.754340e+05]
 [5.878000e+01 1.069674e+06]
 [6.152000e+01 1.464042e+06]
 [6.428000e+01 1.727722e+06]
 [6.540000e+01 2.383466e+06]
 [6.566000e+01 3.569642e+06]
 [6.660000e+01 6.458090e+06]
 [6.684000e+01 8.290794e+06]]
  Second_front= [15, 9, 14, 10, 11]
  Second_value= [[5.973000e+01 1.594090e+06]
 [6.139000e+01 1.857130e+06]
 [6.427000e+01 3.037802e+06]
 [6.553000e+01 5.932778e+06]
 [6.557000e+01 6.064362e+06]]

