Fronts32:
  Fronts= [array([ 1,  2,  4,  5,  7,  8, 10, 15]), array([ 0,  3,  6,  9, 11, 12]), array([13, 14])]
  Fitnesses= [[6.782000e+01 7.634922e+06]
 [5.605000e+01 6.750500e+05]
 [6.428000e+01 1.727722e+06]
 [6.621000e+01 5.274090e+06]
 [6.105000e+01 1.593450e+06]
 [6.557000e+01 3.569258e+06]
 [5.899000e+01 1.200490e+06]
 [6.595000e+01 4.487658e+06]
 [6.800000e+01 7.634922e+06]
 [5.489000e+01 6.750500e+05]
 [6.714000e+01 4.815978e+06]
 [6.385000e+01 2.185834e+06]
 [6.454000e+01 3.963754e+06]
 [6.071000e+01 2.447722e+06]
 [6.434000e+01 4.618730e+06]
 [6.020000e+01 1.069418e+06]]
  First_front= [1, 15, 4, 2, 5, 7, 10, 8]
  First_value= [[5.605000e+01 6.750500e+05]
 [6.020000e+01 1.069418e+06]
 [6.105000e+01 1.593450e+06]
 [6.428000e+01 1.727722e+06]
 [6.557000e+01 3.569258e+06]
 [6.595000e+01 4.487658e+06]
 [6.714000e+01 4.815978e+06]
 [6.800000e+01 7.634922e+06]]
  Second_front= [9, 6, 11, 12, 3, 0]
  Second_value= [[5.489000e+01 6.750500e+05]
 [5.899000e+01 1.200490e+06]
 [6.385000e+01 2.185834e+06]
 [6.454000e+01 3.963754e+06]
 [6.621000e+01 5.274090e+06]
 [6.782000e+01 7.634922e+06]]

