Fronts1:
  Fronts= [array([ 0,  1,  4,  6,  7,  9, 11]), array([ 3,  5,  8, 12, 14, 15]), array([ 2, 13]), array([10])]
  Fitnesses= [[6.6840000e+01 8.2907940e+06]
 [5.7490000e+01 1.2007460e+06]
 [6.4230000e+01 1.0195946e+07]
 [6.2810000e+01 3.9620900e+06]
 [6.5570000e+01 8.1622820e+06]
 [6.2710000e+01 3.1702820e+06]
 [6.2980000e+01 2.6456100e+06]
 [6.4740000e+01 4.4829220e+06]
 [6.4700000e+01 7.5035940e+06]
 [6.0450000e+01 1.9879460e+06]
 [6.1810000e+01 9.9332900e+06]
 [6.3520000e+01 4.2247460e+06]
 [6.5230000e+01 8.1622820e+06]
 [6.2200000e+01 3.1702820e+06]
 [6.4560000e+01 4.4829220e+06]
 [6.1940000e+01 2.6456100e+06]]
  First_front= [1, 9, 6, 11, 7, 4, 0]
  First_value= [[5.749000e+01 1.200746e+06]
 [6.045000e+01 1.987946e+06]
 [6.298000e+01 2.645610e+06]
 [6.352000e+01 4.224746e+06]
 [6.474000e+01 4.482922e+06]
 [6.557000e+01 8.162282e+06]
 [6.684000e+01 8.290794e+06]]
  Second_front= [15, 5, 3, 14, 8, 12]
  Second_value= [[6.194000e+01 2.645610e+06]
 [6.271000e+01 3.170282e+06]
 [6.281000e+01 3.962090e+06]
 [6.456000e+01 4.482922e+06]
 [6.470000e+01 7.503594e+06]
 [6.523000e+01 8.162282e+06]]

