Fronts64:
  Fronts= [array([ 0,  1,  3,  4,  5,  6, 10, 11, 15]), array([ 2,  7,  9, 12, 13]), array([14]), array([8])]
  Fitnesses= [[5.605000e+01 6.750500e+05]
 [6.800000e+01 7.634922e+06]
 [5.939000e+01 1.069418e+06]
 [6.175000e+01 1.531114e+06]
 [6.788000e+01 5.210346e+06]
 [6.428000e+01 1.727722e+06]
 [6.634000e+01 3.765866e+06]
 [6.666000e+01 4.947690e+06]
 [6.540000e+01 7.371242e+06]
 [5.282000e+01 9.387300e+05]
 [6.252000e+01 1.596266e+06]
 [5.961000e+01 1.004266e+06]
 [6.487000e+01 3.766634e+06]
 [6.413000e+01 3.171434e+06]
 [6.643000e+01 5.603690e+06]
 [6.667000e+01 4.552682e+06]]
  First_front= [0, 11, 3, 10, 5, 6, 15, 4, 1]
  First_value= [[5.605000e+01 6.750500e+05]
 [5.961000e+01 1.004266e+06]
 [6.175000e+01 1.531114e+06]
 [6.252000e+01 1.596266e+06]
 [6.428000e+01 1.727722e+06]
 [6.634000e+01 3.765866e+06]
 [6.667000e+01 4.552682e+06]
 [6.788000e+01 5.210346e+06]
 [6.800000e+01 7.634922e+06]]
  Second_front= [9, 2, 13, 12, 7]
  Second_value= [[5.282000e+01 9.387300e+05]
 [5.939000e+01 1.069418e+06]
 [6.413000e+01 3.171434e+06]
 [6.487000e+01 3.766634e+06]
 [6.666000e+01 4.947690e+06]]

