Fronts48:
  Fronts= [array([ 0,  1,  2,  3,  5,  6,  7, 12, 13]), array([ 4,  9, 10, 11]), array([ 8, 14, 15])]
  Fitnesses= [[5.605000e+01 6.750500e+05]
 [6.800000e+01 7.634922e+06]
 [6.788000e+01 5.210346e+06]
 [6.634000e+01 3.765866e+06]
 [6.143000e+01 1.531114e+06]
 [6.428000e+01 1.727722e+06]
 [5.933000e+01 1.332586e+06]
 [6.465000e+01 2.843114e+06]
 [6.607000e+01 7.701226e+06]
 [5.357000e+01 7.413540e+05]
 [6.672000e+01 5.866474e+06]
 [6.612000e+01 4.748906e+06]
 [6.037000e+01 1.333738e+06]
 [6.226000e+01 1.399018e+06]
 [6.106000e+01 2.120938e+06]
 [6.014000e+01 1.662954e+06]]
  First_front= [0, 6, 12, 13, 5, 7, 3, 2, 1]
  First_value= [[5.605000e+01 6.750500e+05]
 [5.933000e+01 1.332586e+06]
 [6.037000e+01 1.333738e+06]
 [6.226000e+01 1.399018e+06]
 [6.428000e+01 1.727722e+06]
 [6.465000e+01 2.843114e+06]
 [6.634000e+01 3.765866e+06]
 [6.788000e+01 5.210346e+06]
 [6.800000e+01 7.634922e+06]]
  Second_front= [9, 4, 11, 10]
  Second_value= [[5.357000e+01 7.413540e+05]
 [6.143000e+01 1.531114e+06]
 [6.612000e+01 4.748906e+06]
 [6.672000e+01 5.866474e+06]]

