Fronts56:
  Fronts= [array([ 0,  1,  2,  3,  4,  5,  6,  7, 14]), array([ 8,  9, 10, 15]), array([11, 12]), array([13])]
  Fitnesses= [[5.605000e+01 6.750500e+05]
 [6.800000e+01 7.634922e+06]
 [6.788000e+01 5.210346e+06]
 [6.634000e+01 3.765866e+06]
 [6.476000e+01 2.972650e+06]
 [6.428000e+01 1.727722e+06]
 [6.155000e+01 1.333354e+06]
 [5.855000e+01 1.069546e+06]
 [6.538000e+01 8.028522e+06]
 [5.544000e+01 1.069546e+06]
 [6.341000e+01 2.584426e+06]
 [6.337000e+01 4.291050e+06]
 [6.251000e+01 2.643946e+06]
 [5.950000e+01 3.370474e+06]
 [6.188000e+01 1.727082e+06]
 [5.971000e+01 1.463146e+06]]
  First_front= [0, 7, 6, 14, 5, 4, 3, 2, 1]
  First_value= [[5.605000e+01 6.750500e+05]
 [5.855000e+01 1.069546e+06]
 [6.155000e+01 1.333354e+06]
 [6.188000e+01 1.727082e+06]
 [6.428000e+01 1.727722e+06]
 [6.476000e+01 2.972650e+06]
 [6.634000e+01 3.765866e+06]
 [6.788000e+01 5.210346e+06]
 [6.800000e+01 7.634922e+06]]
  Second_front= [9, 15, 10, 8]
  Second_value= [[5.544000e+01 1.069546e+06]
 [5.971000e+01 1.463146e+06]
 [6.341000e+01 2.584426e+06]
 [6.538000e+01 8.028522e+06]]

