Fronts40:
  Fronts= [array([ 0,  1,  2,  3,  4,  5,  6,  7, 13, 15]), array([ 8,  9, 10, 11, 12, 14])]
  Fitnesses= [[5.605000e+01 6.750500e+05]
 [6.800000e+01 7.634922e+06]
 [6.788000e+01 5.210346e+06]
 [6.428000e+01 1.727722e+06]
 [6.577000e+01 4.553322e+06]
 [5.838000e+01 9.379620e+05]
 [6.006000e+01 1.462762e+06]
 [6.564000e+01 3.109610e+06]
 [6.555000e+01 6.322922e+06]
 [6.041000e+01 1.987050e+06]
 [6.553000e+01 4.815978e+06]
 [6.373000e+01 2.122090e+06]
 [6.465000e+01 4.617706e+06]
 [5.826000e+01 9.375780e+05]
 [6.464000e+01 3.897322e+06]
 [5.735000e+01 8.068900e+05]]
  First_front= [0, 15, 13, 5, 6, 3, 7, 4, 2, 1]
  First_value= [[5.605000e+01 6.750500e+05]
 [5.735000e+01 8.068900e+05]
 [5.826000e+01 9.375780e+05]
 [5.838000e+01 9.379620e+05]
 [6.006000e+01 1.462762e+06]
 [6.428000e+01 1.727722e+06]
 [6.564000e+01 3.109610e+06]
 [6.577000e+01 4.553322e+06]
 [6.788000e+01 5.210346e+06]
 [6.800000e+01 7.634922e+06]]
  Second_front= [9, 11, 14, 12, 10, 8]
  Second_value= [[6.041000e+01 1.987050e+06]
 [6.373000e+01 2.122090e+06]
 [6.464000e+01 3.897322e+06]
 [6.465000e+01 4.617706e+06]
 [6.553000e+01 4.815978e+06]
 [6.555000e+01 6.322922e+06]]

