Fronts8:
  Fronts= [array([ 0,  2,  3,  4,  5,  6,  7, 13, 14, 15]), array([ 1,  9, 10, 11, 12]), array([8])]
  Fitnesses= [[6.684000e+01 8.290794e+06]
 [5.521000e+01 6.762020e+05]
 [6.610000e+01 5.011690e+06]
 [6.414000e+01 1.858410e+06]
 [6.532000e+01 2.781930e+06]
 [5.745000e+01 9.371940e+05]
 [6.025000e+01 1.664490e+06]
 [5.969000e+01 9.382180e+05]
 [6.475000e+01 8.029162e+06]
 [5.668000e+01 9.378340e+05]
 [6.558000e+01 6.850026e+06]
 [6.311000e+01 2.383722e+06]
 [6.415000e+01 3.043690e+06]
 [5.651000e+01 6.754340e+05]
 [6.114000e+01 1.795946e+06]
 [5.680000e+01 8.067620e+05]]
  First_front= [13, 15, 5, 7, 6, 14, 3, 4, 2, 0]
  First_value= [[5.651000e+01 6.754340e+05]
 [5.680000e+01 8.067620e+05]
 [5.745000e+01 9.371940e+05]
 [5.969000e+01 9.382180e+05]
 [6.025000e+01 1.664490e+06]
 [6.114000e+01 1.795946e+06]
 [6.414000e+01 1.858410e+06]
 [6.532000e+01 2.781930e+06]
 [6.610000e+01 5.011690e+06]
 [6.684000e+01 8.290794e+06]]
  Second_front= [1, 9, 11, 12, 10]
  Second_value= [[5.521000e+01 6.762020e+05]
 [5.668000e+01 9.378340e+05]
 [6.311000e+01 2.383722e+06]
 [6.415000e+01 3.043690e+06]
 [6.558000e+01 6.850026e+06]]

